 78.63445833333333  -8.201638888888889
 84.05337499999999 -1.2019194444444443
 86.93912499999999  -9.669605555555554
 90.97991666666665  20.138452777777776
 92.43329166666666   23.11346388888889
         104.03425  -17.05423888888889
104.65645833333332  -28.97208611111111
105.16391666666665  -9.202966666666667
105.75612499999998 -23.833291666666668
109.67699999999998 -24.954361111111112
111.02374999999999 -29.303105555555558
118.32562499999999  -48.10293333333333
130.48708333333332  -45.41071111111111
131.62724999999998 -45.912505555555555
135.52858333333333  -40.55469444444444
137.76833333333332  -44.86790277777778
138.97829166666665  -49.97349444444445
 139.6764583333333 -51.560649999999995
143.61104166666664  -59.22975277777778
 149.2155833333333  -54.56778888888889
158.35579166666668 -58.190147222222215
160.66904166666663  -59.21575833333333
 162.2862083333333  -46.77828611111111
          163.1285 -57.240405555555554
163.31291666666664  -60.81477777777778
166.23987499999998  -59.85890277777778
167.14162499999998 -61.947174999999994
172.11329166666667          -66.489275
172.31316666666663 -63.553936111111106
175.15416666666664            -62.5681
179.23979166666666  -63.24908888888889
181.47341666666665          -65.546875
183.57054166666663  -64.40851944444445
186.23316666666665  -65.21101388888889
189.71816666666663           -67.19305
 192.7998333333333  -69.64520833333334
 193.3412083333333  -60.32848888888889
193.45379166666663  -60.37623888888889
193.98804166666665  -56.83580555555556
200.20141666666666 -55.800688888888885
200.56787499999996  -52.18295277777778
 202.2725833333333  -63.87403055555556
           206.575 -62.451600000000006
211.60483333333332  -59.71590277777778
215.08141666666666 -56.386494444444445
 215.5125833333333  -58.29121388888889
235.75087499999998           -51.32175
 237.7783333333333  -55.05553611111111
 239.8489166666666 -58.726222222222226
247.42637499999998 -46.243230555555556
247.92404166666662 -41.817147222222225
 248.5209166666666 -44.045313888888884
        250.417625  -49.65155277777777
251.83191666666664  -58.34144166666667
253.49883333333332 -42.362030555555556
253.50766666666664  -41.80639166666666
 253.4952083333333  -41.99432777777778
        256.205625 -34.122927777777775
 259.2730833333333 -44.778594444444444
260.66341666666665  -37.80463888888889
 261.3485833333333          -56.377725
271.65779166666664          -50.091475
