STAR,RA,DEC,SPTYPE,VSINI,SROT,NROT,VMAC,SMAC,NMAC,TEFF,LOGG,VMIC,NABUN,MASS,EW3995,EW4116,EW4129,EW4131,EW4553,EW4568,EW4575
HD51309,06 56 08.22,-17 03 15.26,B3II,22,4,5,20,3,5,15600,2.40,18,8.23,17,120,,150,160,165,125,70
HD52089,06 58 37.55,-28 58 19.51,B2II,22,3,6,17,3,5,20100,3.05,17,7.74,14,200,55,,,350,295,190
HD53138,07 03 01.47,-23 49 59.85,B3Iab,35,4,7,23,7,6,15400,2.15,18,8.22,24,200,,155,180,230,175,105
HD58350,07 24 05.70,-29 18 11.18,B5Ia,32,7,9,25,4,7,14500,2.10,18,8.16,23,150,,190,195,155,115,65
HD64760,07 53 18.15,-48 06 10.56,B0.5Ib,255,7,5,,,,26000,3.25,22,7.89,23,170,B,,,410,330,155
HD74371,08 41 56.90,-45 24 38.56,B6Iae,31,4,5,30,3,5,13400,1.90,20,7.85,24,80,,205,215,115,80,45
HD75149,08 46 30.54,-45 54 45.02,B3Ia,30,5,6,34,4,5,15900,2.20,20,8.43,24,285,,140,170,255,200,115
HD77581,09 02 06.86,-40 33 16.90,B0Ia,56,10,4,,,,26500,2.90,17,8.40,40,155,475,,,435,365,195
HD79186,09 11 04.40,-44 52 04.45,B5Ia,39,5,10,36,4,8,15100,2.00,14,8.39,35,195,,155,170,210,160,95
HD80558,09 18 42.35,-51 33 38.34,B6Iae,41,4,6,17,5,5,13000,1.70,24,8.66,30,105,,200,205,95,65,35
HD83183,09 34 26.65,-59 13 47.11,B5II,19,4,6,,,,14900,2.50,20,7.42,14,55,,175,185,75,45,20
HD86440,09 56 51.74,-54 34 04.04,B5Ib,17,5,4,15,2,4,14600,2.55,20,7.59,13,60,,165,175,85,55,25
HD91619,10 33 25.39,-58 11 24.53,B7Iae,31,4,6,25,5,6,13100,1.70,18,8.36,31,135,,200,210,110,80,45
HD92964,10 42 40.57,-59 12 56.73,B2.5Iae,36,4,8,28,4,8,15600,2.00,22,8.60,30,345,25,,,365,300,180
HD93840,10 49 08.69,-46 46 41.83,BN1Ib,58,3,6,68,4,6,20900,2.75,15,8.37,23,350,105,,,420,345,215
HD94493,10 53 15.10,-60 48 53.20,B0.5Iab,97,3,7,60,5,8,23500,2.95,14,8.02,24,205,190,,,375,310,180
HD96248,11 04 57.57,-59 51 32.05,BC1.5Iab,37,5,7,53,4,8,19500,2.40,15,7.48,29,140,95,,,465,395,240
HD99857,11 28 27.19,-66 29 21.39,B1Ib,189,10,6,59,11,7,21500,2.95,16,7.20,18,95,B,,,405,330,200
HD99953,11 29 15.16,-63 33 14.17,B2Iab-Ib,49,3,5,37,4,6,16800,2.15,22,8.43,32,375,60,,,460,380,235
HD103779,11 56 57.55,-63 14 56.72,B0.5II,40,1,6,60,4,6,25000,3.00,12,8.07,25,165,255,,,345,285,165
HD105071,12 05 53.62,-65 32 48.75,B6Iab-Ib,29,8,4,17,3,4,12200,1.85,20,7.97,20,55,,250,255,65,35,15
HD106343,12 14 16.93,-64 24 30.67,B1.5Ia,43,4,8,52,4,7,20100,2.50,17,8.20,30,330,115,,,465,385,235
HD108002,12 24 55.96,-65 12 39.65,B2Ia-Iab,37,4,8,46,4,8,20200,2.60,16,8.19,25,315,115,,,450,380,235
HD109867,12 38 52.36,-67 11 34.98,B1Ia,43,5,9,56,4,9,22300,2.75,14,8.32,23,280,180,,,425,355,215
HD111558,12 51 11.96,-69 38 42.75,B7Ib,26,10,4,21,9,4,12100,2.00,20,8.08,17,55,,305,315,50,30,15
HD111973,12 53 48.91,-60 22 34.46,B5Ia,36,4,7,28,4,7,16000,2.30,19,8.04,21,190,,150,170,230,180,105
HD111990,12 53 59.80,-60 20 07.51,B2Ib,34,6,7,30,5,9,16500,2.40,18,8.12,20,215,20,,,275,215,130
HD115842,13 20 48.34,-55 48 02.48,B0.5Ia,39,3,6,66,5,6,24800,2.75,14,8.44,40,165,395,,,405,345,195
HD116084,13 22 16.29,-52 10 58.63,B2.5Ib,40,3,6,35,5,8,16200,2.25,23,8.09,23,240,30,,,370,305,180
HD117024,13 29 05.42,-63 52 26.51,B2Ib,55,2,9,25,4,9,16500,2.55,24,7.62,12,130,20,,,330,270,160
HD119646,13 46 18.00,-62 27 05.76,B1Ib-II,35,5,6,26,4,8,17600,2.50,21,7.93,20,235,40,,,380,315,185
HD122879,14 06 25.16,-59 42 57.25,B0Ia,55,3,6,80,7,6,27200,2.90,14,8.37,40,105,455,,,305,230,115
HD125288,14 20 19.54,-56 23 11.38,B6Ib,23,7,3,21,5,4,13900,2.55,20,7.67,10,50,,170,175,60,30,15
HD125545,14 22 03.02,-58 17 28.37,B1Iab-Ib,65,5,7,53,4,9,20800,2.75,17,7.70,22,200,135,,,505,425,270
HD141318,15 51 06.80,-55 03 19.93,B2II,30,3,8,32,3,8,18300,2.90,15,8.13,13,220,30,,,310,250,160
HD142758,15 59 23.74,-58 43 34.40,B1Ia,46,8,6,38,7,7,17300,2.25,21,8.46,35,385,85,,,555,470,305
HD148379,16 29 42.33,-46 14 35.63,B1.5Iape,44,5,8,33,4,8,17000,2.00,19,7.93,43,240,40,,,430,365,230
HD148688,16 31 41.77,-41 49 01.73,B1Iae,48,6,7,44,6,9,20700,2.45,16,7.94,37,210,200,,,550,480,305
HD149038,16 34 05.02,-44 02 43.13,B0Ia,61,3,5,69,8,5,28500,3.10,12,7.91,40,60,460,,,230,175,85
HD150168,16 41 40.23,-49 39 05.59,B1Iab-Ib,129,7,5,55,12,6,24800,3.15,13,8.26,20,230,230,,,385,330,195
HD150898,16 47 19.66,-58 20 29.19,B0.5Ia,93,4,4,56,9,6,26400,3.10,20,8.00,25,155,370,,,325,250,125
HD152236,16 53 59.72,-42 21 43.31,B1Iape,34,3,5,46,6,8,21500,1.50,,,,470,95,,,500,435,275
HD152234,16 54 01.84,-41 48 23.01,B0.5Ia,59,3,4,57,3,8,25700,2.90,14,7.69,38,80,380,,,350,295,160
HD152235,16 53 58.85,-41 59 39.58,B1Ia,46,3,7,58,7,8,22000,2.65,14,7.59,30,125,230,,,495,425,270
HD154090,17 04 49.35,-34 07 22.54,B1Ia,47,5,4,54,4,8,22200,2.70,15,8.30,28,285,190,,,470,400,245
HD155985,17 17 05.54,-44 46 42.94,B0.7Ib,35,4,9,46,3,8,23200,2.95,12,8.19,22,235,165,,,375,315,195
HD157038,17 22 39.22,-37 48 16.70,B4Ia,38,5,4,41,4,7,15700,2.00,14,8.97,32,340,,170,190,300,250,155
HD157246,17 25 23.66,-56 22 39.81,B1Ib,269,11,4,,,,21500,2.90,15,8.11,19,290,B,,,460,375,255
HD165024,18 06 37.87,-50 05 29.31,B2Ib,98,2,7,35,7,9,18500,2.70,18,8.23,17,300,55,,,405,340,215
