STAR,RA,DEC,MASK,NDEG,TMAG,SBTYPE,TCATG,SSPOC,SFFI,SEDFIT,RDMAG,
HD34085,05 14 32.27,-08 12 05.90,0.15,2,,B8Iae,lB,,5;32,p,4.5,
HD37128,05 36 12.81,-01 12 06.91,0.15,2,2.7,B0Ia,eB,,6;32,p,2.5,
HD38771,05 47 45.39,-09 40 10.58,0.15,1,8.3,B0.5Ia,eB,,6;33,p,10.2,
HD41117,06 03 55.18,+20 08 18.43,0.15,2,,B2Ia,eB,43;44;45,,p,9.7,
HD42087,06 09 43.99,+23 06 48.47,0.15,2,,B3Ia,eB,43;44;45,,p,7.8,
HD51309,06 56 08.22,-17 03 15.26,0.15,2,4.6,B3Ib,eB,,6;7;33,pw,9.3,
HD52089,06 58 37.55,-28 58 19.51,0.15,2,2.5,B1.5II,eB,6;7;33;34,,p,0.6,
HD52382,07 00 39.34,-09 12 10.68,0.08,2,,B0.5Ia,eB,7;33,,p,4.8,
HD53138,07 03 01.47,-23 49 59.85,0.15,2,1.7,B3Ia,eB,,7;33;34,pw,8.9,
HD57061,07 18 42.48,-24 57 15.70,0.15,2,7.7,O9II,eB,,7;33;34;61,p,3.9,
HD58350,07 24 05.70,-29 18 11.18,0.15,2,4.1,B5Ia,mB,,34;61,pw,7.1,
HD64760,07 53 18.15,-48 06 10.56,0.15,2,4.4,B0.5Ib,eB,7;8;9;34;35;61;62,,p,4.1,
HD74371,08 41 56.90,-45 24 38.56,0.15,2,5.0,B6Iab/b,mB,8;9;35;36;61;62,,pw,7.4,
HD75149,08 46 30.54,-45 54 45.02,0.15,2,5.2,B5Iab,mB,8;9;35;36;62,,p,7.8,
HD77581,09 02 06.86,-40 33 16.90,0.07,2,6.5,B0.5Ia,eB,8;9,62,pw,5.8,
HD79186,09 11 04.40,-44 52 04.45,0.15,1,4.8,B5Ia,mB,8;9;35;36;62;63,,p,2.0,
HD80077,09 15 54.79,-49 58 24.58,0.07,2,5.8,B2Ia+e,eB,8;9;35;36;62;63,,pw,7.8,
HD80558,09 18 42.35,-51 33 38.34,0.15,2,5.3,B6Ia,mB,63,9;10;35;36;62,p,7.9,
HD83183,09 34 26.65,-59 13 47.11,0.15,2,4.1,B5II,mB,10;36;62;63;64,,p,8.4,
HD86440,09 56 51.74,-54 34 04.04,0.15,2,2.3,B5Ib,mB,9;36;37;63,10,p,6.4,
HD91619,10 33 25.39,-58 11 24.53,0.10,2,5.6,B6Iab,mB,,10;36;37;63;64,p,8.1,
HD92964,10 42 40.57,-59 12 56.73,0.15,1,5.2,B2.5Ia,eB,,10;36;37;63;64,pw,6.0,
HD93840,10 49 08.69,-46 46 41.83,0.15,2,,B1/2Iab/b,eB,,10;36;37;63,p,5.2,
HD94367,10 52 30.84,-57 14 25.46,0.15,2,5.1,A0Ia,lB,,10;36;37,p,6.5,
HD94493,10 53 15.10,-60 48 53.20,0.10,2,,B0.5Iab/b,eB,,10;11;63;64,p,2.4,
HD96248,11 04 57.57,-59 51 32.05,0.15,2,,B1Iab,eB,,10;11;63;64,p,6.4,
HD96919,11 08 33.99,-61 56 49.83,0.15,2,4.9,B9.5Ia,lB,10;11;37;38;64,,p,8.0,
HD99857,11 28 27.19,-66 29 21.39,0.09,2,,B1Ib,eB,,10;11;37;38;64,p,4.2,
HD99953,11 29 15.16,-63 33 14.17,0.08,2,4.8,B2Ia,eB,,10;11;37;38;64,p,8.3,
HD101545,11 40 37.00,-62 34 05.16,0.10,2,5.8,O9.5Ib+B0.5Iab,eB,,10;11;37;38;64,p,0.5,
HD103779,11 56 57.55,-63 14 56.72,0.15,2,7.393,B0/1II,eB,,10;11;37;38,p,5.4,
HD105071,12 05 53.62,-65 32 48.75,0.10,2,6.1,B8Ia,lB,,11;37;38;64;65,p,7.4,
HD106343,12 14 16.93,-64 24 30.67,0.15,2,6.259,B1.5Ia,eB,37;38;64;65,11,p,6.2,
HD108002,12 24 55.96,-65 12 39.65,0.15,2,6.838,B2Ia/ab,eB,,11;37;38,p,3.0,
HD109867,12 38 52.36,-67 11 34.98,0.10,2,,B0.5/1Iab,eB,38;64;65,11,p,4.3,
HD111558,12 51 11.96,-69 38 42.75,0.10,2,,B7Ib,mB,,11;12;38;64,p,4.7,
HD111904,12 53 21.89,-60 19 42.56,0.15,2,5.5,B9Iab,lB,,11;37;38;64;65,p,5.7,
HD111973,12 53 48.91,-60 22 34.46,0.25,2,5.8,B5I,mB,11;37;38;64;65,,p,2.6,
#HD111990,12 53 59.80,-60 20 07.51,0.25,2,6.7,B1.5I+,eB,,,p,
HD112244,12 55 57.13,-56 50 08.90,0.15,2,5.4,O8.5Iab(f)p,eB,11;37;38;64,,p,5.4,
HD115842,13 20 48.34,-55 48 02.48,0.10,2,5.8,B0.5Ia/ab,eB,11;38;64,,p,6.8,
HD116084,13 22 16.29,-52 10 58.63,0.15,2,5.748,B2Ib,eB,11;38;64,,p,8.2,
HD117024,13 29 05.42,-63 52 26.51,0.15,2,7.155,B2Ib,eB,,11,p,5.9,
HD119646,13 46 18.00,-62 27 05.76,0.08,2,,B1.5Ib,eB,,11;38;65,p,5.8,
HD122879,14 06 25.16,-59 42 57.25,0.15,2,5.281,B0Ia,eB,38,11,p,4.5,
HD125288,14 20 19.54,-56 23 11.38,0.15,2,4.127,B5II,mB,65,11;38,p,6.2,
HD125545,14 22 03.02,-58 17 28.37,0.13,2,6.183,B1Iab/b,eB,,11;38,p,5.4,
HD139901,15 43 00.21,-51 19 18.30,0.15,2,8.3,B8Ib,lB,,12;39,p,4.5,
HD141318,15 51 06.80,-55 03 19.93,0.15,2,5.878,B2III,eB,12;39;65,,p,2.1,
HD142758,15 59 23.74,-58 43 34.40,0.07,2,,B1Ia,eB,,12;39,p,3.2,
#HD146483,16 19 38.46,-57 54 22.60,0.15,2,8.2,B9Ib,lB,,39,,
HD148379,16 29 42.33,-46 14 35.63,0.15,0,,B2Iab,eB,12;39;66,,p,8.2,
HD148688,16 31 41.77,-41 49 01.73,0.15,2,4.8,B1Iaeqp,eB,12;39;66,,p,3.4,
HD149038,16 34 05.02,-44 02 43.13,0.15,2,4.9,O9.7Iab,eB,39;66,,p,6.9,
HD150168,16 41 40.23,-49 39 05.59,0.10,2,,B1Iab/Ib,eB,12;39;66,,p,6.0,
HD150898,16 47 19.66,-58 20 29.19,0.10,2,5.7,B0Ia/ab,eB,12;39;66,,pw,7.3,
HD152236,16 53 59.72,-42 21 43.31,0.15,2,4.4,B1Ia-0ek,eB,12;39,,p,8.0,
HD152234,16 54 01.84,-41 48 23.01,0.15,2,5.2,B0.5Ia,eB,12,39;66,p,0.7,
HD152235,16 53 58.85,-41 59 39.58,0.10,2,,B0.5Ia,eB,39,,p,8.0,
HD154090,17 04 49.35,-34 07 22.54,0.15,2,4.6,B2Iab,eB,12;39;66,,pw,6.9,
HD155985,17 17 05.54,-44 46 42.94,0.10,2,,B0.5Ib,eB,,12;39,p,6.7,
HD157038,17 22 39.22,-37 48 16.70,0.15,2,4.387,B3Iap,eB,39;66,,p,6.6,
HD157246,17 25 23.66,-56 22 39.81,0.15,2,3.408,B1Ib,eB,66,12;39,pw,6.5,
HD165024,18 06 37.87,-50 05 29.31,0.15,2,3.8,B2Ib,eB,13;39;66,,pw,8.0,
