STAR           RA                 DEC            TIC           SSPOC            SFFI     
-------- ------------------ ------------------- ---------- ----------------- --------------
 HD34085  78.63445833333333  -8.201638888888889  231308237                --           5[30];32[10]           
 HD37128  84.05337499999999 -1.2019194444444443  427451176                --           6[30];32[10]           
 HD38771  86.93912499999999  -9.669605555555554   66651575                --           6[30];33[10]           
 HD41117  90.97991666666665  20.138452777777776  238559148          43[2];44[2];45[2]             --          SSPOC +71,72
 HD42087  92.43329166666666   23.11346388888889   45435560          43[2];44[2];45[2]             --
 HD51309          104.03425  -17.05423888888889  146908355                --         6[30];7[30];33[10]
 HD52089 104.65645833333332  -28.97208611111111   63198307         6[2];7[2];33[2];34[2]             --       SSPOC +71,72 (120 s each)
 HD52382 105.16391666666665  -9.202966666666667  124953606              7[2];33[2]             --
 HD53138 105.75612499999998 -23.833291666666668   80466973                --        7[30];33[10];34[10]
 HD57061 109.67699999999998 -24.954361111111112  106347931                --     7[30];33[10];34[10];61[3]
 HD58350 111.02374999999999 -29.303105555555558  107415639                --          34[10];61[3]
 HD64760 118.32562499999999  -48.10293333333333  269064487 7;8;9;34;35;61;62[:2]             --
 HD74371 130.48708333333332  -45.41071111111111  285823086   8;9;35;36;61;62[:2]             --
 HD75149 131.62724999999998 -45.912505555555555   28656140      8;9;35;36;62[:2]             --
 HD77581 135.52858333333333  -40.55469444444444  191450569               8;9[:2]             62[3]
 HD79186 137.76833333333332  -44.86790277777778   74533697   8;9;35;36;62;63[:2]             --
 HD80077 138.97829166666665  -49.97349444444445  391624171   8;9;35;36;62;63[:2]             --
 HD80558  139.6764583333333 -51.560649999999995  364151367                63[2]  9[30];10[30];35[10];36[10];62[3]
 HD83183 143.61104166666664  -59.22975277777778  439431474    10;36;62;63;64[:2]             --
 HD86440  149.2155833333333  -54.56778888888889  274684383        9;36;37;63[:2]             10[30]   SOS
 HD91619 158.35579166666668 -58.190147222222215  457803940                -- 10[30];36[10];37[10];63[3];64[3]
 HD92964 160.66904166666663  -59.21575833333333  458704469                -- 10[30];36[10];37[10];63[3];64[3]
 HD93840  162.2862083333333  -46.77828611111111  147215618                --    9[30];10[30];36[10];37[10];63[3]   NO LC FILE?
 HD94367           163.1285 -57.240405555555554  459637433                --       10[30];36[10];37[10]
 HD94493 163.31291666666664  -60.81477777777778  465384125                --    10[30];11[30];63[3];64[3]
 HD96248 166.23987499999998  -59.85890277777778  305919188                --    10[30];11[30];63[3];64[3]   NO LC FILE?
 HD96919 167.14162499999998 -61.947174999999994  466911307    10;11;37;38;64[:2]             --
 HD99857 172.11329166666667          -66.489275  296059122                -- 10[30];11[30];37[10];38[10];64[3]
 HD99953 172.31316666666663 -63.553936111111106  317046099                -- 10[30];11[30];37[10];38[10];64[3]
HD101545 175.15416666666664            -62.5681  917747168                -- 10[30];11[30];37[10];38[10];64[3]
HD103779 179.23979166666666  -63.24908888888889  306562451                --    10[30];11[30];37[10];38[10]   NO LC FILE?
HD105071 181.47341666666665          -65.546875  379870355                -- 11;37;38;64;65
HD106343 183.57054166666663  -64.40851944444445  382515892       37;38;64;65             11
HD108002 186.23316666666665  -65.21101388888889  450383399                --       11;37;38   NO LC FILE?
HD109867 189.71816666666663           -67.19305  327774344          38;64;65             11
HD111558  192.7998333333333  -69.64520833333334  333977706                --    11;12;38;64
HD111904  193.3412083333333  -60.32848888888889  436276871                -- 11;37;38;64;65
HD111973 193.45379166666663  -60.37623888888889  436267716    11;37;38;64;65             --
HD112244 193.98804166666665  -56.83580555555556  406050497       11;37;38;64             --
HD115842 200.20141666666666 -55.800688888888885  256813340          11;38;64             --
HD116084 200.56787499999996  -52.18295277777778  401431637          11;38;64             --
HD117024  202.2725833333333  -63.87403055555556  314141881                --             11  NO LC FILE?
HD119646            206.575 -62.451600000000006  323082858                --       11;38;65
HD122879 211.60483333333332  -59.71590277777778  210096523                38             11
HD125288 215.08141666666666 -56.386494444444445  413632344                65          11;38
HD125545  215.5125833333333  -58.29121388888889  413965764                --          11;38
HD139901 235.75087499999998           -51.32175  190706866                --          12;39 NO LC FILE?
HD141318  237.7783333333333  -55.05553611111111   80724706          12;39;65             --
HD142758  239.8489166666666 -58.726222222222226  422192335                --          12;39 NO LC FILE
HD148379 247.42637499999998 -46.243230555555556  226037847          12;39;66             --
HD148688 247.92404166666662 -41.817147222222225   29563900          12;39;66             --
HD149038  248.5209166666666 -44.045313888888884  228529130             39;66             --
HD150168         250.417625  -49.65155277777777   39177520          12;39;66             --
HD150898 251.83191666666664  -58.34144166666667  344237828          12;39;66             --
HD152236 253.49883333333332 -42.362030555555556  246962305             12;39             --
HD152234 253.50766666666664  -41.80639166666666  339565401                12          39;66
HD152235  253.4952083333333  -41.99432777777778  246957312                39             --
HD154090         256.205625 -34.122927777777775   41026067          12;39;66             --
HD155985  259.2730833333333 -44.778594444444444  216802672                --          12;39 NO LC FILE
HD157038 260.66341666666665  -37.80463888888889  198257590             39;66             --  
HD157246  261.3485833333333          -56.377725  325709821                66          12;39
HD165024 271.65779166666664          -50.091475  364875523          13;39;66             --
