HD168021,18 18 43.26,-18 37 10.75,0.15,2,6.491,B0Ia+B0.2II,eB,B0Ib,48,9,7,58,7,7,26900,3.10,15,7.81,25,85,365,nan,nan,300,245,125
HD152667,16 56 35.98,-40 49 24.44,0.15,2,5.944,B2Iab/b,eB,B0.5Ia,139,5,8,,,,26000,3.05,18,7.58,25,85,B,nan,nan,495,400,230
HD93827,10 48 31.31,-60 56 10.35,0.15,2,9.302,B2Ib/II,eB,B2Ib-II,227,14,4,,,,18500,2.70,20,7.86,17,225,B,nan,nan,390,325,210
HD159110,17 34 40.46,-41 19 27.13,0.15,2,7.644,B2II,eB,B4Ib,13,4,9,9,3,8,19700,3.20,12,7.36,12,95,nan,65,65,195,150,90
HD164353,18 00 38.72,+02 55 53.63,0.15,2,3.944,B5Ib,mB,B5Ib,18,3,6,14,6,6,15100,2.50,21,7.78,14,100,nan,175,185,130,90,50
HD166937,18 13 45.81,-21 03 31.80,0.15,2,3.626,B8Iab,lB,B8Iap,29,5,4,32,2,4,12200,1.75,20,7.87,23,50,nan,250,260,60,40,20
HD91316,10 32 48.67, 09 18 23.71,0.15,2,4.0,B1Iab,eB,,,,,,,,,,,,,,,,,,,
HD100856,11 35 55.45,-61 36 13.74,0.15,2,8.6,B2IVp(e),eB,,,,,,,,,,,,,,,,,,,
HD164402,18 01 54.38,-22 46 49.06,0.15,2,5.8,B0Iab/b,eB,B0Ib,46,6,7,56,7,7,28100,3.25,13,7.55,30,50,345,nan,nan,270,210,110
HD164794,18 03 52.45,-24 21 38.63,0.15,2,5.8,O4V((f))z,eB,,,,,,,,,,,,,,,,,,,
HD164906,18 04 25.83,-24 23 08.36,0.15,2,7.1,B0Ve,eB,,,,,,,,,,,,,,,,,,,
HD166937,18 13 45.81,-21 03 31.79,0.15,2,3.6,B8Iab(e),lB,,,,,,,,,,,,,,,,,,,
HD167264,18 15 12.91,-20 43 41.77,0.15,2,5.3,O9.7Iab,eB,B0Iab,83,7,5,66,7,6,27500,3.05,16,7.96,30,75,460,nan,nan,270,200,95
HD167520,18 16 25.64,-18 58 21.52,0.15,2,8.6,B7Ib,mB,,,,,,,,,,,,,,,,,,,
HD168523,18 21 05.14,-22 55 23.57,0.15,2,9.7,B5/7Ib,mB,,,,,,,,,,,,,,,,,,,
